1;1;1;Bruno;464.440000;10121.000000;->TRANSFERÊNCIA;Ágatha;256.340000;2018;6;5;22;14;16;4;SAQUE;;350.580000;2018;6;5;22;14;16;4;DEPÓSITO;;558.680000;2018;6;5;22;14;16;4;$$
1;5;3;Willian;0.000000;10000.000000;->$$
1;3;1;Mika;0.000000;15000.000000;->$$
1;4;2;João Pedro;0.000000;25000.000000;->$$
1;2;2;Ágatha;302.340000;30000.000000;->TRANSFERÊNCIA;Ágatha;256.340000;2018;6;5;22;14;16;4;DEPÓSITO;;558.680000;2018;6;5;22;14;16;4;$$
1;1;2;Bruno;464.440000;9766.000000;->TRANSFERÊNCIA;Ágatha;256.340000;2018;6;6;12;48;35;5;SAQUE;;350.580000;2018;6;6;12;48;35;5;DEPÓSITO;;558.680000;2018;6;6;12;48;35;5;$$
1;5;3;Willian;0.000000;10000.000000;->$$
1;3;1;Mika;0.000000;15000.000000;->$$
1;4;2;João Pedro;0.000000;25000.000000;->$$
1;2;2;Ágatha;302.340000;30000.000000;->TRANSFERÊNCIA;Ágatha;256.340000;2018;6;6;12;48;35;5;DEPÓSITO;;558.680000;2018;6;6;12;48;35;5;$$
1;1;1;Bruno;464.440000;11234.000000;->TRANSFERÊNCIA;Ágatha;256.340000;2018;6;6;14;31;43;5;SAQUE;;350.580000;2018;6;6;14;31;43;5;DEPÓSITO;;558.680000;2018;6;6;14;31;43;5;$$
1;5;3;Willian;0.000000;10000.000000;->$$
1;3;1;Mika;0.000000;15000.000000;->$$
1;4;2;João Pedro;0.000000;25000.000000;->$$
1;2;2;Ágatha;302.340000;30000.000000;->TRANSFERÊNCIA;Ágatha;256.340000;2018;6;6;14;31;43;5;DEPÓSITO;;558.680000;2018;6;6;14;31;43;5;$$
